value0 00000001, 00000001, 00000001, 00000010, 00000110, 00001110, 00011110, 00111110,01000001,01000001,01000001,00100000,00110000,00111000,00111100,00111110,01000101,01001001,01010001
index0 2001,2002,2003,2004,2004,2004,2004,2004,2003,2002,2001,2000,2000,2000,2000,2001,2002,2003

value1  00000010,00000001,00000011,00000111,00001111,00011111,00111111,01111111,01111111,01111111
index1 2001,2002,2002,2002,2002,2002,2002,2001,2002,2003

value2  00000010,00000001,00000001,00000001,00000010,00000110,00001001,00010001,00100001,01000010
index2 2000,2001,2002,2003,2004,2004,2003,2002,2001,2000

value3 00000010,00000001,00000001,00000001,00000010,00000110,00001001,00001001,00010110,00110110,00110110,01001001,01001001,01000001,00100010
index3 2000,2001,2002,2003,2004,2004,2003,2002,2004,2004,2003,2002,2001,2000

value4 00010000,00010000,00010000,00010000,00010000,00011000,00010100,00010010,00000001,00000011,00000111,00001111,00011111,00111111,01111111
index4 2004,2003,2002,2001,2000,2000,2001,2002,2003,2003,2003,2003,2003,2003,2003




value9  00001000, 00001000, 00001000, 00000100, 00000110,00001001, 00001001, 00001001,00000010,00000110,00001110,00011110,00111110
index9  2003,2002,2001,2000,2000,2001,2002,2003,2004,2004,2004,2004,2004

value8  00000100,00000110,00000001,00000001,00000001,00000010,00000110,00001001,00001001,00001001,00010110,00110110,01001001,01001001,01001001,00100110,00110110
index8  2000,2000,2001,2002,2003,2004,2004,2003,2002,2001,2000,2000,2001,2002,2003,2004,2004

value7  00000001,00000001,00000001,00000001,00000001,00000011,00000101,00001001,00011001,00111001,01111001
index7  2000,2001,2002,2003,2004,2004,2003,2002,2002,2002,2002

value6  00000010,00000001,00000001,00000001,00000010,00000110,00001110,00011110,00111110,01000001,01000001,01000001,00110010,00110010,01001001,01001001,01001001
index6  2004,2003,2002,2001,2000,2000,2000,2000,2000,2001,2002,2003,2004,2004,2003,2002,2001

value5  00000001,00000001,00000001,00000001,00000001,00000011,00000111,00001111,00001111,00001111,00001111,00010001,00110001,01001001,01001001,01001001,01001111
index5  2004,2003,2002,2001,2000,2000,2000,2000,2001,20002,2003,2004,2004,2003,2002,2001,2000 